start=66.034000
ab-loop-a=64.134000
