start=2387.269067
volume=106.000000
