start=165.047000
pause=yes
volume=130.000000
aid=1
sid=1
ab-loop-a=2.005000
