start=2532.913000
volume=130.000000
aid=1
sid=2
