start=7.866667
pause=yes
contrast=-1
sid=no
ab-loop-a=6.933333
ab-loop-b=290.466667
